_viz_1 = nengo_gui.components.Raster(model.ensembles[1])
_viz_config[_viz_1].n_neurons = 10
_viz_config[_viz_1].x = 0.8189054205248002
_viz_config[_viz_1].y = 0.8405407207573254
_viz_config[_viz_1].width = 0.664709026967901
_viz_config[_viz_1].height = 0.1761144402416434
_viz_config[_viz_1].label_visible = True
_viz_net_graph = nengo_gui.components.NetGraph()
_viz_progress = nengo_gui.components.Progress()
_viz_config[_viz_progress].x = 0
_viz_config[_viz_progress].y = 0
_viz_config[_viz_progress].width = 100
_viz_config[_viz_progress].height = 100
_viz_config[_viz_progress].label_visible = True
_viz_sim_control = nengo_gui.components.SimControl()
_viz_config[_viz_sim_control].shown_time = 0.5
_viz_config[_viz_sim_control].kept_time = 4.0
_viz_config[model].pos=(-0.00528303072546912, -0.02735306478042725)
_viz_config[model].size=(0.6017670646427314, 0.6017670646427314)
_viz_config[model].expanded=True
_viz_config[model].has_layout=True
_viz_config[model.ensembles[0]].pos=(0.32867502930637893, 0.12613905034782338)
_viz_config[model.ensembles[0]].size=(0.09809870586570063, 0.12545037160900938)
_viz_config[model.ensembles[10]].pos=(1.1646526681446263, 0.30220331957422353)
_viz_config[model.ensembles[10]].size=(0.06666666666666667, 0.015772870662460567)
_viz_config[model.ensembles[11]].pos=(1.2492799748187808, 0.30140761692724677)
_viz_config[model.ensembles[11]].size=(0.06666666666666667, 0.015772870662460567)
_viz_config[model.ensembles[1]].pos=(1.4663463332117979, 0.49704846618695614)
_viz_config[model.ensembles[1]].size=(0.07695417290215723, 0.04920518319913431)
_viz_config[model.ensembles[2]].pos=(0.5491813468780523, 0.2942322506857932)
_viz_config[model.ensembles[2]].size=(0.06666666666666667, 0.015772870662460567)
_viz_config[model.ensembles[3]].pos=(0.6322699752490397, 0.2914688588301208)
_viz_config[model.ensembles[3]].size=(0.06666666666666667, 0.015772870662460567)
_viz_config[model.ensembles[4]].pos=(0.733822743258025, 0.2916570007874923)
_viz_config[model.ensembles[4]].size=(0.06666666666666667, 0.015772870662460567)
_viz_config[model.ensembles[5]].pos=(0.8153726933258457, 0.29578052116225445)
_viz_config[model.ensembles[5]].size=(0.06666666666666667, 0.015772870662460567)
_viz_config[model.ensembles[6]].pos=(0.8815358603620024, 0.29526625131696443)
_viz_config[model.ensembles[6]].size=(0.06666666666666667, 0.015772870662460567)
_viz_config[model.ensembles[7]].pos=(0.9584697755203243, 0.30135746090042265)
_viz_config[model.ensembles[7]].size=(0.06666666666666667, 0.015772870662460567)
_viz_config[model.ensembles[8]].pos=(1.0246329425564817, 0.30182703565948077)
_viz_config[model.ensembles[8]].size=(0.06666666666666667, 0.015772870662460567)
_viz_config[model.ensembles[9]].pos=(1.0984895011084703, 0.2980797991994611)
_viz_config[model.ensembles[9]].size=(0.06666666666666667, 0.015772870662460567)
_viz_config[model.nodes[0]].pos=(0.467512716276258, 0.4800585693191432)
_viz_config[model.nodes[0]].size=(0.23126474902750493, 0.06979864521750734)